Ta 0.0 0.0 5.13854997925 0.0 0.0 0.0 
Ta 0.0 0.0 1.7128499245693334 0.0 0.0 0.2747473736645415 
Te 5.578509493730763 4.4040524012889275 0.0 0.1454178603856799 0.07924911662833489 0.0121002574911379 
Te 0.9414650207692371 2.1159221132110737 0.0 -0.14543194353063119 -0.07914883942030188 -0.01209470785716031 
Te 5.578509493730763 2.1159221132110737 3.4257000546806657 0.02247656894281643 0.07116591302423837 -0.07197834160534396 
Te 4.4040524012889275 5.578509493730763 3.4257000546806657 -0.04245090206645805 -0.03539289925502151 0.06101925329359789 
Te 4.4040524012889275 0.9414650207692371 0.0 -0.024475723528452422 0.104744955369326 0.041844651275026935 
Te 2.1159221132110737 5.578509493730763 0.0 0.02451758176483551 -0.10469514276403522 -0.041814025517150605 
Te 2.1159221132110737 0.9414650207692371 3.4257000546806657 0.027850071138686754 0.09285708583703814 0.04616658289157453 
Te 0.9414650207692371 4.4040524012889275 3.4257000546806657 -0.09875557638081599 0.10531088915718458 0.01820156619450018 
Ta 0.0 0.0 11.989949883069333 0.0 0.0 0.2747473736645415 
Ta 0.0 0.0 8.564250033930666 0.0 0.0 -0.2747473736645415 
Te 5.578509493730763 4.4040524012889275 6.851399903819333 -0.03539289925502151 -0.04245090206645805 -0.06101925329359789 
Te 0.9414650207692371 2.1159221132110737 6.851399903819333 0.09285708583703814 0.027850071138686754 -0.04616658289157453 
Te 5.578509493730763 2.1159221132110737 10.2770999585 -0.10469514276403522 0.02451758176483551 0.041814025517150605 
Te 4.4040524012889275 5.578509493730763 10.2770999585 0.07924911662833489 0.1454178603856799 -0.0121002574911379 
Te 4.4040524012889275 0.9414650207692371 6.851399903819333 0.10531088915718458 -0.09875557638081599 -0.01820156619450018 
Te 2.1159221132110737 5.578509493730763 6.851399903819333 0.07116591302423837 0.02247656894281643 0.07197834160534396 
Te 2.1159221132110737 0.9414650207692371 10.2770999585 -0.07914883942030188 -0.14543194353063119 0.01209470785716031 
Te 0.9414650207692371 4.4040524012889275 10.2770999585 0.104744955369326 -0.024475723528452422 -0.041844445733027764 
Ta 0.0 0.0 18.841349992430665 0.0 0.0 -0.2747473736645415 
Ta 0.0 0.0 15.415649937749999 0.0 0.0 0.0 
Te 5.578509493730763 4.4040524012889275 13.702800013180665 -0.09279971006131053 -0.02784185597079848 0.046191453473474094 
Te 0.9414650207692371 2.1159221132110737 13.702800013180665 0.03557076415977707 0.042385963120293635 0.06099047741371409 
Te 5.578509493730763 2.1159221132110737 17.12849986231933 0.09860470417055046 -0.10548223408742564 -0.018202799446495197 
Te 4.4040524012889275 5.578509493730763 17.12849986231933 -0.02784185597079848 -0.09279971006131053 -0.046191453473474094 
Te 4.4040524012889275 0.9414650207692371 13.702800013180665 -0.07112718437562224 -0.02245257543660307 -0.07201903892117961 
Te 2.1159221132110737 5.578509493730763 13.702800013180665 -0.10548223408742564 0.09860470417055046 0.018202799446495197 
Te 2.1159221132110737 0.9414650207692371 17.12849986231933 0.042385963120293635 0.03557076415977707 -0.06099047741371409 
Te 0.9414650207692371 4.4040524012889275 17.12849986231933 -0.02245257543660307 -0.07112718437562224 0.07201903892117961 
Ta 0.0 6.5199745145 5.13854997925 0.0 0.0 0.292775256869743 
Ta 0.0 6.5199745145 1.7128499245693334 0.0 0.0 -0.27213102955710655 
Te 5.578509493730763 10.924026915788927 0.0 -0.10469514276403522 -0.02451758176483551 0.041814025517150605 
Te 0.9414650207692371 8.635896627711073 0.0 0.104744955369326 0.024475723528452422 -0.041844651275026935 
Te 5.578509493730763 8.635896627711073 3.4257000546806657 -0.09279971006131053 0.02784185597079848 0.046191453473474094 
Te 4.4040524012889275 12.098484008230763 3.4257000546806657 -0.07112718437562224 0.02245257543660307 -0.07201903892117961 
Te 4.4040524012889275 7.461439535269238 0.0 0.07924911662833489 -0.1454178603856799 -0.0121002574911379 
Te 2.1159221132110737 12.098484008230763 0.0 -0.07914883942030188 0.14543194353063119 0.01209470785716031 
Te 2.1159221132110737 7.461439535269238 3.4257000546806657 -0.10548223408742564 -0.09860470417055046 0.018202799446495197 
Te 0.9414650207692371 10.924026915788927 3.4257000546806657 0.03557076415977707 -0.042385963120293635 0.06099047741371409 
Ta 0.0 6.5199745145 11.989949883069333 0.0 0.0 -0.27213102955710655 
Ta 0.0 6.5199745145 8.564250033930666 0.0 0.0 0.029489727246917407 
Te 5.578509493730763 10.924026915788927 6.851399903819333 0.09860470417055046 0.10548223408742564 -0.018202799446495197 
Te 0.9414650207692371 8.635896627711073 6.851399903819333 -0.02245257543660307 0.07112718437562224 0.07201903892117961 
Te 5.578509493730763 8.635896627711073 10.2770999585 0.1454178603856799 -0.07924911662833489 0.0121002574911379 
Te 4.4040524012889275 12.098484008230763 10.2770999585 -0.024475723528452422 -0.104744955369326 0.041844651275026935 
Te 4.4040524012889275 7.461439535269238 6.851399903819333 -0.02784185597079848 0.09279971006131053 -0.046191453473474094 
Te 2.1159221132110737 12.098484008230763 6.851399903819333 0.042385963120293635 -0.03557076415977707 -0.06099047741371409 
Te 2.1159221132110737 7.461439535269238 10.2770999585 0.02451758176483551 0.10469514276403522 -0.041814025517150605 
Te 0.9414650207692371 10.924026915788927 10.2770999585 -0.14543194353063119 0.07914883942030188 -0.01209470785716031 
Ta 0.0 6.5199745145 18.841349992430665 0.0 0.0 0.029489727246917407 
Ta 0.0 6.5199745145 15.415649937749999 0.0 0.0 0.292775256869743 
Te 5.578509493730763 10.924026915788927 13.702800013180665 0.02247656894281643 -0.07116591302423837 -0.07197834160534396 
Te 0.9414650207692371 8.635896627711073 13.702800013180665 -0.09875557638081599 -0.10531088915718458 0.01820156619450018 
Te 5.578509493730763 8.635896627711073 17.12849986231933 -0.03539289925502151 0.04245090206645805 -0.06101925329359789 
Te 4.4040524012889275 12.098484008230763 17.12849986231933 0.10531088915718458 0.09875557638081599 -0.01820156619450018 
Te 4.4040524012889275 7.461439535269238 13.702800013180665 -0.04245090206645805 0.03539289925502151 0.06101925329359789 
Te 2.1159221132110737 12.098484008230763 13.702800013180665 0.027850071138686754 -0.09285708583703814 0.04616658289157453 
Te 2.1159221132110737 7.461439535269238 17.12849986231933 0.07116591302423837 -0.02247656894281643 0.07197834160534396 
Te 0.9414650207692371 10.924026915788927 17.12849986231933 0.09285708583703814 -0.027850071138686754 -0.04616658289157453 
Ta 6.5199745145 0.0 5.13854997925 0.0 0.0 -0.292775256869743 
Ta 6.5199745145 0.0 1.7128499245693334 0.0 0.0 -0.029489727246917407 
Te 12.098484008230763 4.4040524012889275 0.0 -0.104744955369326 -0.024475723528452422 -0.041844651275026935 
Te 7.461439535269238 2.1159221132110737 0.0 0.10469514276403522 0.02451758176483551 0.041814025517150605 
Te 12.098484008230763 2.1159221132110737 3.4257000546806657 -0.03557076415977707 0.042385963120293635 0.06099047741371409 
Te 10.924026915788927 5.578509493730763 3.4257000546806657 0.10548223408742564 0.09860470417055046 0.018202799446495197 
Te 10.924026915788927 0.9414650207692371 0.0 0.07914883942030188 -0.14543194353063119 0.01209470785716031 
Te 8.635896627711073 5.578509493730763 0.0 -0.07924911662833489 0.1454178603856799 -0.0121002574911379 
Te 8.635896627711073 0.9414650207692371 3.4257000546806657 0.07112718437562224 -0.02245257543660307 -0.07201903892117961 
Te 7.461439535269238 4.4040524012889275 3.4257000546806657 0.09279971006131053 -0.02784185597079848 0.046191453473474094 
Ta 6.5199745145 0.0 11.989949883069333 0.0 0.0 -0.029489727246917407 
Ta 6.5199745145 0.0 8.564250033930666 0.0 0.0 0.27213102955710655 
Te 12.098484008230763 4.4040524012889275 6.851399903819333 0.02245257543660307 -0.07112718437562224 0.07201903892117961 
Te 7.461439535269238 2.1159221132110737 6.851399903819333 -0.09860470417055046 -0.10548223408742564 -0.018202799446495197 
Te 12.098484008230763 2.1159221132110737 10.2770999585 0.14543194353063119 -0.07914883942030188 -0.01209470785716031 
Te 10.924026915788927 5.578509493730763 10.2770999585 -0.02451758176483551 -0.10469514276403522 -0.041814025517150605 
Te 10.924026915788927 0.9414650207692371 6.851399903819333 -0.042385963120293635 0.03557076415977707 -0.06099047741371409 
Te 8.635896627711073 5.578509493730763 6.851399903819333 0.02784185597079848 -0.09279971006131053 -0.046191453473474094 
Te 8.635896627711073 0.9414650207692371 10.2770999585 0.024475723528452422 0.104744955369326 0.041844651275026935 
Te 7.461439535269238 4.4040524012889275 10.2770999585 -0.1454178603856799 0.07924911662833489 0.0121002574911379 
Ta 6.5199745145 0.0 18.841349992430665 0.0 0.0 0.27213102955710655 
Ta 6.5199745145 0.0 15.415649937749999 0.0 0.0 -0.292775256869743 
Te 12.098484008230763 4.4040524012889275 13.702800013180665 0.09875557638081599 0.10531088915718458 0.01820156619450018 
Te 7.461439535269238 2.1159221132110737 13.702800013180665 -0.02247656894281643 0.07116591302423837 -0.07197834160534396 
Te 12.098484008230763 2.1159221132110737 17.12849986231933 -0.09285708583703814 0.027850071138686754 -0.04616658289157453 
Te 10.924026915788927 5.578509493730763 17.12849986231933 -0.07116591302423837 0.02247656894281643 0.07197834160534396 
Te 10.924026915788927 0.9414650207692371 13.702800013180665 -0.027850071138686754 0.09285708583703814 0.04616658289157453 
Te 8.635896627711073 5.578509493730763 13.702800013180665 0.04245090206645805 -0.03539289925502151 0.06101925329359789 
Te 8.635896627711073 0.9414650207692371 17.12849986231933 -0.10531088915718458 -0.09875557638081599 -0.01820156619450018 
Te 7.461439535269238 4.4040524012889275 17.12849986231933 0.03539289925502151 -0.04245090206645805 -0.06101925329359789 
Ta 6.5199745145 6.5199745145 5.13854997925 0.0 0.0 0.0 
Ta 6.5199745145 6.5199745145 1.7128499245693334 0.0 0.0 0.27477902713241364 
Te 12.098484008230763 10.924026915788927 0.0 0.14543194353063119 0.07914883942030188 -0.01209470785716031 
Te 7.461439535269238 8.635896627711073 0.0 -0.1454178603856799 -0.07924911662833489 0.0121002574911379 
Te 12.098484008230763 8.635896627711073 3.4257000546806657 0.09875557638081599 -0.10531088915718458 0.01820156619450018 
Te 10.924026915788927 12.098484008230763 3.4257000546806657 -0.027850071138686754 -0.09285708583703814 0.04616658289157453 
Te 10.924026915788927 7.461439535269238 0.0 -0.02451758176483551 0.10469514276403522 -0.041814025517150605 
Te 8.635896627711073 12.098484008230763 0.0 0.024475723528452422 -0.104744955369326 0.041844651275026935 
Te 8.635896627711073 7.461439535269238 3.4257000546806657 0.04245090206645805 0.03539289925502151 0.06101925329359789 
Te 7.461439535269238 10.924026915788927 3.4257000546806657 -0.02247656894281643 -0.07116591302423837 -0.07197834160534396 
Ta 6.5199745145 6.5199745145 11.989949883069333 0.0 0.0 0.27477902713241364 
Ta 6.5199745145 6.5199745145 8.564250033930666 0.0 0.0 -0.27477902713241364 
Te 12.098484008230763 10.924026915788927 6.851399903819333 -0.09285708583703814 -0.027850071138686754 -0.04616658289157453 
Te 7.461439535269238 8.635896627711073 6.851399903819333 0.03539289925502151 0.04245090206645805 -0.06101925329359789 
Te 12.098484008230763 8.635896627711073 10.2770999585 -0.104744955369326 0.024475723528452422 -0.041844445733027764 
Te 10.924026915788927 12.098484008230763 10.2770999585 0.07914883942030188 0.14543194353063119 0.01209470785716031 
Te 10.924026915788927 7.461439535269238 6.851399903819333 -0.07116591302423837 -0.02247656894281643 0.07197834160534396 
Te 8.635896627711073 12.098484008230763 6.851399903819333 -0.10531088915718458 0.09875557638081599 -0.01820156619450018 
Te 8.635896627711073 7.461439535269238 10.2770999585 -0.07924911662833489 -0.1454178603856799 -0.0121002574911379 
Te 7.461439535269238 10.924026915788927 10.2770999585 0.10469514276403522 -0.02451758176483551 0.041814025517150605 
Ta 6.5199745145 6.5199745145 18.841349992430665 0.0 0.0 -0.27477902713241364 
Ta 6.5199745145 6.5199745145 15.415649937749999 0.0 0.0 0.0 
Te 12.098484008230763 10.924026915788927 13.702800013180665 -0.03557076415977707 -0.042385963120293635 0.06099047741371409 
Te 7.461439535269238 8.635896627711073 13.702800013180665 0.09279971006131053 0.02784185597079848 0.046191453473474094 
Te 12.098484008230763 8.635896627711073 17.12849986231933 0.02245257543660307 0.07112718437562224 0.07201903892117961 
Te 10.924026915788927 12.098484008230763 17.12849986231933 -0.042385963120293635 -0.03557076415977707 -0.06099047741371409 
Te 10.924026915788927 7.461439535269238 13.702800013180665 0.10548223408742564 -0.09860470417055046 0.018202799446495197 
Te 8.635896627711073 12.098484008230763 13.702800013180665 0.07112718437562224 0.02245257543660307 -0.07201903892117961 
Te 8.635896627711073 7.461439535269238 17.12849986231933 0.02784185597079848 0.09279971006131053 -0.046191453473474094 
Te 7.461439535269238 10.924026915788927 17.12849986231933 -0.09860470417055046 0.10548223408742564 -0.018202799446495197 
