Ta 0.   0.   0.25 -0. -0. -0.
Ta 0.         0.         0.08333333 -0.         -0.          0.01336697
Te 0.42780148 0.3377354  0.         0.01115172 0.00607741 0.0005887 
Te 0.07219852 0.1622646  0.         -0.0111528  -0.00606972 -0.00058843
Te 0.42780148 0.1622646  0.16666667  0.00172367  0.00545753 -0.00350188
Te 0.3377354  0.42780148 0.16666667 -0.00325545 -0.00271419  0.0029687 
Te 0.3377354  0.07219852 0.         -0.00187698  0.00803262  0.00203582
Te 0.1622646  0.42780148 0.          0.00188019 -0.0080288  -0.00203433
Te 0.1622646  0.07219852 0.16666667 0.00213575 0.00712097 0.00224609
Te 0.07219852 0.3377354  0.16666667 -0.00757331  0.00807602  0.00088554
Ta 0.         0.         0.58333333 -0.         -0.          0.01336697
Ta 0.         0.         0.41666667 -0.         -0.         -0.01336697
Te 0.42780148 0.3377354  0.33333333 -0.00271419 -0.00325545 -0.0029687 
Te 0.07219852 0.1622646  0.33333333  0.00712097  0.00213575 -0.00224609
Te 0.42780148 0.1622646  0.5        -0.0080288   0.00188019  0.00203433
Te 0.3377354  0.42780148 0.5         0.00607741  0.01115172 -0.0005887 
Te 0.3377354  0.07219852 0.33333333  0.00807602 -0.00757331 -0.00088554
Te 0.1622646  0.42780148 0.33333333 0.00545753 0.00172367 0.00350188
Te 0.1622646  0.07219852 0.5        -0.00606972 -0.0111528   0.00058843
Te 0.07219852 0.3377354  0.5         0.00803262 -0.00187698 -0.00203581
Ta 0.         0.         0.91666667 -0.         -0.         -0.01336697
Ta 0.   0.   0.75 -0. -0. -0.
Te 0.42780148 0.3377354  0.66666667 -0.00711657 -0.00213512  0.0022473 
Te 0.07219852 0.1622646  0.66666667 0.00272783 0.00325047 0.0029673 
Te 0.42780148 0.1622646  0.83333333  0.00756174 -0.00808916 -0.0008856 
Te 0.3377354  0.42780148 0.83333333 -0.00213512 -0.00711657 -0.0022473 
Te 0.3377354  0.07219852 0.66666667 -0.00545456 -0.00172183 -0.00350386
Te 0.1622646  0.42780148 0.66666667 -0.00808916  0.00756174  0.0008856 
Te 0.1622646  0.07219852 0.83333333  0.00325047  0.00272783 -0.0029673 
Te 0.07219852 0.3377354  0.83333333 -0.00172183 -0.00545456  0.00350386
Ta 0.   0.5  0.25 -0.         -0.          0.01424406
Ta 0.         0.5        0.08333333 -0.         -0.         -0.01323968
Te 0.42780148 0.8377354  0.         -0.0080288  -0.00188019  0.00203433
Te 0.07219852 0.6622646  0.          0.00803262  0.00187698 -0.00203582
Te 0.42780148 0.6622646  0.16666667 -0.00711657  0.00213512  0.0022473 
Te 0.3377354  0.92780148 0.16666667 -0.00545456  0.00172183 -0.00350386
Te 0.3377354  0.57219852 0.          0.00607741 -0.01115172 -0.0005887 
Te 0.1622646  0.92780148 0.         -0.00606972  0.0111528   0.00058843
Te 0.1622646  0.57219852 0.16666667 -0.00808916 -0.00756174  0.0008856 
Te 0.07219852 0.8377354  0.16666667  0.00272783 -0.00325047  0.0029673 
Ta 0.         0.5        0.58333333 -0.         -0.         -0.01323968
Ta 0.         0.5        0.41666667 -0.         -0.          0.00143473
Te 0.42780148 0.8377354  0.33333333  0.00756174  0.00808916 -0.0008856 
Te 0.07219852 0.6622646  0.33333333 -0.00172183  0.00545456  0.00350386
Te 0.42780148 0.6622646  0.5         0.01115172 -0.00607741  0.0005887 
Te 0.3377354  0.92780148 0.5        -0.00187698 -0.00803262  0.00203582
Te 0.3377354  0.57219852 0.33333333 -0.00213512  0.00711657 -0.0022473 
Te 0.1622646  0.92780148 0.33333333  0.00325047 -0.00272783 -0.0029673 
Te 0.1622646  0.57219852 0.5         0.00188019  0.0080288  -0.00203433
Te 0.07219852 0.8377354  0.5        -0.0111528   0.00606972 -0.00058843
Ta 0.         0.5        0.91666667 -0.         -0.          0.00143473
Ta 0.   0.5  0.75 -0.         -0.          0.01424406
Te 0.42780148 0.8377354  0.66666667  0.00172367 -0.00545753 -0.00350188
Te 0.07219852 0.6622646  0.66666667 -0.00757331 -0.00807602  0.00088554
Te 0.42780148 0.6622646  0.83333333 -0.00271419  0.00325545 -0.0029687 
Te 0.3377354  0.92780148 0.83333333  0.00807602  0.00757331 -0.00088554
Te 0.3377354  0.57219852 0.66666667 -0.00325545  0.00271419  0.0029687 
Te 0.1622646  0.92780148 0.66666667  0.00213575 -0.00712097  0.00224609
Te 0.1622646  0.57219852 0.83333333  0.00545753 -0.00172367  0.00350188
Te 0.07219852 0.8377354  0.83333333  0.00712097 -0.00213575 -0.00224609
Ta 0.5  0.   0.25 -0.         -0.         -0.01424406
Ta 0.5        0.         0.08333333 -0.         -0.         -0.00143473
Te 0.92780148 0.3377354  0.         -0.00803262 -0.00187698 -0.00203582
Te 0.57219852 0.1622646  0.         0.0080288  0.00188019 0.00203433
Te 0.92780148 0.1622646  0.16666667 -0.00272783  0.00325047  0.0029673 
Te 0.8377354  0.42780148 0.16666667 0.00808916 0.00756174 0.0008856 
Te 0.8377354  0.07219852 0.          0.00606972 -0.0111528   0.00058843
Te 0.6622646  0.42780148 0.         -0.00607741  0.01115172 -0.0005887 
Te 0.6622646  0.07219852 0.16666667  0.00545456 -0.00172183 -0.00350386
Te 0.57219852 0.3377354  0.16666667  0.00711657 -0.00213512  0.0022473 
Ta 0.5        0.         0.58333333 -0.         -0.         -0.00143473
Ta 0.5        0.         0.41666667 -0.         -0.          0.01323968
Te 0.92780148 0.3377354  0.33333333  0.00172183 -0.00545456  0.00350386
Te 0.57219852 0.1622646  0.33333333 -0.00756174 -0.00808916 -0.0008856 
Te 0.92780148 0.1622646  0.5         0.0111528  -0.00606972 -0.00058843
Te 0.8377354  0.42780148 0.5        -0.00188019 -0.0080288  -0.00203433
Te 0.8377354  0.07219852 0.33333333 -0.00325047  0.00272783 -0.0029673 
Te 0.6622646  0.42780148 0.33333333  0.00213512 -0.00711657 -0.0022473 
Te 0.6622646  0.07219852 0.5        0.00187698 0.00803262 0.00203582
Te 0.57219852 0.3377354  0.5        -0.01115172  0.00607741  0.0005887 
Ta 0.5        0.         0.91666667 -0.         -0.          0.01323968
Ta 0.5  0.   0.75 -0.         -0.         -0.01424406
Te 0.92780148 0.3377354  0.66666667 0.00757331 0.00807602 0.00088554
Te 0.57219852 0.1622646  0.66666667 -0.00172367  0.00545753 -0.00350188
Te 0.92780148 0.1622646  0.83333333 -0.00712097  0.00213575 -0.00224609
Te 0.8377354  0.42780148 0.83333333 -0.00545753  0.00172367  0.00350188
Te 0.8377354  0.07219852 0.66666667 -0.00213575  0.00712097  0.00224609
Te 0.6622646  0.42780148 0.66666667  0.00325545 -0.00271419  0.0029687 
Te 0.6622646  0.07219852 0.83333333 -0.00807602 -0.00757331 -0.00088554
Te 0.57219852 0.3377354  0.83333333  0.00271419 -0.00325545 -0.0029687 
Ta 0.5  0.5  0.25 -0. -0. -0.
Ta 0.5        0.5        0.08333333 -0.         -0.          0.01336851
Te 0.92780148 0.8377354  0.          0.0111528   0.00606972 -0.00058843
Te 0.57219852 0.6622646  0.         -0.01115172 -0.00607741  0.0005887 
Te 0.92780148 0.6622646  0.16666667  0.00757331 -0.00807602  0.00088554
Te 0.8377354  0.92780148 0.16666667 -0.00213575 -0.00712097  0.00224609
Te 0.8377354  0.57219852 0.         -0.00188019  0.0080288  -0.00203433
Te 0.6622646  0.92780148 0.          0.00187698 -0.00803262  0.00203582
Te 0.6622646  0.57219852 0.16666667 0.00325545 0.00271419 0.0029687 
Te 0.57219852 0.8377354  0.16666667 -0.00172367 -0.00545753 -0.00350188
Ta 0.5        0.5        0.58333333 -0.         -0.          0.01336851
Ta 0.5        0.5        0.41666667 -0.         -0.         -0.01336851
Te 0.92780148 0.8377354  0.33333333 -0.00712097 -0.00213575 -0.00224609
Te 0.57219852 0.6622646  0.33333333  0.00271419  0.00325545 -0.0029687 
Te 0.92780148 0.6622646  0.5        -0.00803262  0.00187698 -0.00203581
Te 0.8377354  0.92780148 0.5        0.00606972 0.0111528  0.00058843
Te 0.8377354  0.57219852 0.33333333 -0.00545753 -0.00172367  0.00350188
Te 0.6622646  0.92780148 0.33333333 -0.00807602  0.00757331 -0.00088554
Te 0.6622646  0.57219852 0.5        -0.00607741 -0.01115172 -0.0005887 
Te 0.57219852 0.8377354  0.5         0.0080288  -0.00188019  0.00203433
Ta 0.5        0.5        0.91666667 -0.         -0.         -0.01336851
Ta 0.5  0.5  0.75 -0. -0. -0.
Te 0.92780148 0.8377354  0.66666667 -0.00272783 -0.00325047  0.0029673 
Te 0.57219852 0.6622646  0.66666667 0.00711657 0.00213512 0.0022473 
Te 0.92780148 0.6622646  0.83333333 0.00172183 0.00545456 0.00350386
Te 0.8377354  0.92780148 0.83333333 -0.00325047 -0.00272783 -0.0029673 
Te 0.8377354  0.57219852 0.66666667  0.00808916 -0.00756174  0.0008856 
Te 0.6622646  0.92780148 0.66666667  0.00545456  0.00172183 -0.00350386
Te 0.6622646  0.57219852 0.83333333  0.00213512  0.00711657 -0.0022473 
Te 0.57219852 0.8377354  0.83333333 -0.00756174  0.00808916 -0.0008856 
